1000 0.050721 0.022961 0.011444
2000 0.207383 0.051318 0.022697
3000 0.435955 0.087394 0.037786
4000 0.760882 0.122516 0.050213
5000 1.22131 0.151823 0.062628
6000 1.78044 0.184824 0.083825
7000 2.39128 0.208332 0.089297
8000 3.23067 0.24041 0.108402
9000 4.30606 0.273723 0.13339
10000 4.84394 0.304909 0.137637
11000 5.84446 0.337856 0.155721
12000 6.9188 0.377036 0.170337
13000 8.16357 0.402099 0.174662
14000 9.46877 0.437562 0.204002
15000 12.2618 0.475193 0.200061
16000 13.1139 0.519613 0.230279
17000 13.8129 0.545377 0.245556
18000 15.4481 0.581397 0.25926
19000 17.2482 0.620659 0.263131
20000 19.1767 0.643786 0.284129
21000 20.2004 0.688438 0.306834
22000 23.3485 0.730802 0.3174
23000 25.802 0.769744 0.347981
24000 28.3085 0.784711 0.353355
25000 31.4106 0.834089 0.365905
